Itn	UB	0	1	2	3	4	5	6	7	8	9	10	11	12	13	14	LB	Gap
1	1.30832e+10	-8.08886e+09	-525473	-622185	-393529	-302662	-331412	-290002	-179023	-186677	-135395	-158885	-159854	-151839	-144899	-133750	4.99058e+09	1.62157
2	1.30831e+10	-4.94037e+08	-1.58372e+11	-1.67115e+11	-1.10036e+11	-1.09402e+11	-1.07524e+11	-1.11693e+11	-179023	-168390	-142083	-150869	-166668	-167981	-148682	-147627	4.99058e+09	1.62156
3	1.29543e+10	-1.24455e+08	-1.31807e+11	-1.32595e+11	-1.45827e+11	-1.19107e+11	-1.2178e+11	-9.50202e+10	-3.37661e+08	-3.01657e+08	-4.4024e+08	-4.07702e+08	-5.56898e+08	-5.3318e+08	-5.54449e+08	-5.25524e+08	4.99058e+09	1.59575
4	9.54654e+09	-1.97182e+08	-1.24311e+08	-1.45055e+08	-6.86644e+07	-5.34226e+07	-2.32777e+08	-3.86441e+07	-5.54788e+08	-7.7206e+09	-6.01557e+09	-6.00651e+09	-9.04044e+09	-7.44842e+09	-5.91402e+09	-4.32099e+09	4.99058e+09	0.912913
5	8.39639e+09	-2.267e+08	-3.28279e+08	-1.61478e+08	-2.63119e+08	-1.13334e+08	-1.17868e+08	-9.78167e+07	-1.2704e+09	-8.50186e+07	-7.59036e+07	-6.44816e+07	-1.57881e+08	-3.55325e+07	-4.29272e+07	-3.92335e+07	5.31641e+09	0.579334
6	7.93448e+09	-1.3469e+08	-2.37943e+08	-1.48303e+08	-2.90114e+08	-1.42714e+08	-1.45905e+08	-1.03362e+08	-2.09264e+08	-1.45971e+08	-1.37604e+08	-6.89254e+07	-1.70563e+08	-3.67807e+07	-6.29782e+07	-5.29126e+07	5.84646e+09	0.357144
7	7.90464e+09	-2.03708e+08	-1.96729e+08	-1.22314e+08	-2.25487e+08	-1.60698e+08	-1.22904e+08	-1.40091e+08	-1.36672e+08	-8.48043e+07	-1.37724e+08	-5.59602e+07	-1.38426e+08	-6.84102e+07	-6.8243e+07	-6.59144e+07	5.97656e+09	0.322608
8	7.71685e+09	-1.95903e+08	-1.61483e+08	-1.3727e+08	-2.27626e+08	-1.17782e+08	-6.56691e+07	-1.74758e+08	-1.08639e+08	-9.46324e+07	-1.5359e+08	-6.00755e+07	-1.10491e+08	-4.559e+07	-4.23347e+07	-3.10446e+07	5.98997e+09	0.288297
9	7.50725e+09	-1.46889e+08	-5.7687e+07	-1.21657e+08	-1.24247e+08	-6.58631e+07	-8.90081e+07	-3.59879e+07	-1.60825e+08	-1.0279e+08	-1.30295e+08	-6.49584e+07	-7.80824e+07	-6.68932e+07	-4.31633e+07	-3.80535e+07	6.18085e+09	0.214599
10	7.44358e+09	-1.04364e+08	-4.22768e+07	-9.91224e+07	-9.16576e+07	-6.71598e+07	-5.13551e+07	-1.10535e+08	-1.21369e+08	-9.67038e+07	-1.03851e+08	-6.87291e+07	-8.44114e+07	-6.9618e+07	-3.42583e+07	-2.47464e+07	6.27342e+09	0.186526
11	7.3852e+09	-1.01173e+08	-5.36689e+07	-7.42627e+07	-6.54641e+07	-9.07966e+07	-9.86731e+07	-4.39006e+07	-6.63687e+07	-6.82528e+07	-6.47649e+07	-7.83075e+07	-8.61009e+07	-5.34879e+07	-3.92705e+07	-3.73001e+07	6.36341e+09	0.160573
12	7.35477e+09	-9.50792e+07	-5.61867e+07	-4.83134e+07	-5.72484e+07	-4.37998e+07	-4.74927e+07	-3.61657e+07	-6.43876e+07	-4.47802e+07	-5.31556e+07	-5.88063e+07	-8.73705e+07	-5.90375e+07	-3.01569e+07	-2.34659e+07	6.54933e+09	0.122982
13	7.32358e+09	-5.91551e+07	-3.51253e+07	-5.26068e+07	-6.21472e+07	-4.34338e+07	-4.90868e+07	-3.15981e+07	-5.0383e+07	-3.79038e+07	-5.20199e+07	-4.86593e+07	-5.72384e+07	-6.28198e+07	-4.27803e+07	-2.46827e+07	6.61394e+09	0.107295
14	7.30108e+09	-2.09741e+07	-1.08101e+08	-2.51888e+07	-3.16916e+07	-3.53106e+07	-4.72169e+07	-3.60198e+07	-5.58494e+07	-4.77984e+07	-4.38582e+07	-2.80369e+07	-3.83441e+07	-5.94327e+07	-5.68227e+07	-2.55175e+07	6.64091e+09	0.0994084
15	7.27087e+09	-4.45448e+07	-3.71067e+07	-2.66396e+07	-4.24519e+07	-6.24493e+07	-3.34416e+07	-3.56372e+07	-3.37067e+07	-3.34577e+07	-4.6453e+07	-2.89287e+07	-5.31399e+07	-3.70376e+07	-5.41181e+07	-2.33797e+07	6.67838e+09	0.088718
16	7.25718e+09	-3.03299e+07	-6.00863e+07	-3.05212e+07	-2.89975e+07	-2.17453e+07	-3.04169e+07	-2.43528e+07	-3.10984e+07	-4.27336e+07	-2.72681e+07	-3.31048e+07	-2.78546e+07	-3.35707e+07	-3.52312e+07	-1.29937e+07	6.78688e+09	0.0692963
17	7.24547e+09	-2.0684e+07	-1.92362e+07	-1.5229e+07	-2.92806e+07	-1.34486e+07	-3.31531e+07	-2.64721e+07	-3.86753e+07	-3.15235e+07	-3.2405e+07	-2.70479e+07	-3.46711e+07	-3.14996e+07	-3.22994e+07	-2.03108e+07	6.83953e+09	0.0593515
18	7.23746e+09	-2.34914e+07	-1.67511e+07	-2.07769e+07	-3.52418e+07	-2.96143e+07	-1.81299e+07	-3.75976e+07	-3.64343e+07	-2.90589e+07	-2.76118e+07	-5.77022e+07	-3.32534e+07	-2.46319e+07	-2.72744e+07	-1.50505e+07	6.83953e+09	0.0581814
19	7.22281e+09	-1.54235e+07	-2.25332e+07	-1.24944e+07	-1.28349e+07	-2.04543e+07	-2.35872e+07	-2.74934e+07	-2.41837e+07	-2.15554e+07	-1.66486e+07	-3.91546e+07	-2.12686e+07	-2.17304e+07	-3.59701e+07	-1.81019e+07	6.88938e+09	0.0483983
20	7.21511e+09	-1.91628e+07	-1.94849e+07	-9.54648e+06	-1.35239e+07	-2.36063e+07	-2.0328e+07	-1.97868e+07	-2.31107e+07	-1.79326e+07	-1.60403e+07	-3.46416e+07	-2.43938e+07	-2.7111e+07	-2.79325e+07	-2.01021e+07	6.89841e+09	0.0459097
21	7.21073e+09	-1.90649e+07	-9.06157e+06	-1.12637e+07	-1.19758e+07	-1.83065e+07	-1.36213e+07	-2.71382e+07	-1.75725e+07	-2.33074e+07	-1.45943e+07	-2.94825e+07	-1.95141e+07	-2.01404e+07	-3.05554e+07	-1.63649e+07	6.92876e+09	0.0406946
22	7.20589e+09	-1.94938e+07	-1.42625e+07	-1.3443e+07	-1.43026e+07	-1.55562e+07	-2.76068e+07	-2.10904e+07	-1.77068e+07	-2.11833e+07	-9.80763e+06	-1.57582e+07	-2.47199e+07	-2.77534e+07	-1.78165e+07	-1.21473e+07	6.93324e+09	0.0393248
23	7.20045e+09	-2.10712e+07	-8.80492e+06	-1.39145e+07	-1.00051e+07	-1.79412e+07	-2.82735e+07	-1.15115e+07	-1.65228e+07	-2.6092e+07	-1.00353e+07	-2.38621e+07	-1.45091e+07	-2.35733e+07	-2.43321e+07	-1.15305e+07	6.93848e+09	0.0377574
24	7.19349e+09	-2.07724e+07	-1.05329e+07	-1.31616e+07	-1.33711e+07	-1.11302e+07	-2.22558e+07	-1.73491e+07	-1.69724e+07	-1.29307e+07	-1.62127e+07	-2.42306e+07	-9.74709e+06	-1.52666e+07	-1.84489e+07	-1.59813e+07	6.95513e+09	0.0342716
25	7.18773e+09	-1.38913e+07	-7.87587e+06	-1.50432e+07	-1.6456e+07	-2.78131e+07	-1.75833e+07	-1.39668e+07	-1.00451e+07	-1.72116e+07	-9.08421e+06	-1.62188e+07	-8.89785e+06	-2.48493e+07	-1.30912e+07	-1.47943e+07	6.96091e+09	0.0325851
26	7.17854e+09	-2.43355e+07	-6.83262e+06	-1.33519e+07	-1.97759e+07	-2.54421e+07	-1.27943e+07	-1.7912e+07	-6.1338e+06	-1.51565e+07	-8.87621e+06	-2.12913e+07	-2.08073e+07	-1.29491e+07	-1.95723e+07	-1.48347e+07	6.96091e+09	0.0312657
27	7.17215e+09	-2.14872e+07	-1.94659e+07	-7.74966e+06	-1.63494e+07	-1.58074e+07	-1.0828e+07	-1.11166e+07	-1.00022e+07	-1.51708e+07	-7.31939e+06	-1.5791e+07	-1.38411e+07	-1.90598e+07	-2.18601e+07	-1.77991e+07	6.96091e+09	0.0303477
28	7.16552e+09	-1.14975e+07	-8.76107e+06	-1.23687e+07	-2.20511e+07	-1.26387e+07	-1.52872e+07	-1.67124e+07	-7.89561e+06	-1.54297e+07	-5.29364e+06	-1.36803e+07	-1.35167e+07	-1.70463e+07	-1.86011e+07	-2.90419e+07	6.96091e+09	0.0293944
29	7.16088e+09	-1.10181e+07	-1.07112e+07	-1.31344e+07	-2.25914e+07	-1.55121e+07	-1.61745e+07	-1.21403e+07	-7.25252e+06	-1.30138e+07	-9.74261e+06	-1.54928e+07	-7.07453e+06	-1.71008e+07	-1.03077e+07	-1.57219e+07	6.96389e+09	0.0282871
30	7.15546e+09	-7.18521e+06	-1.53706e+07	-1.33028e+07	-1.31559e+07	-1.20196e+07	-1.22948e+07	-1.23263e+07	-5.75219e+06	-1.32953e+07	-5.03094e+06	-1.54684e+07	-1.21679e+07	-1.78959e+07	-1.12923e+07	-1.41517e+07	6.97475e+09	0.0259091
31	7.15183e+09	-6.57652e+06	-8.88812e+06	-1.13233e+07	-1.85146e+07	-1.19889e+07	-1.41738e+07	-1.63964e+07	-5.12133e+06	-1.36454e+07	-9.64252e+06	-1.83412e+07	-6.14017e+06	-1.2091e+07	-1.28966e+07	-1.43385e+07	6.97475e+09	0.0253876
32	7.14762e+09	-5.1054e+06	-7.91549e+06	-2.20144e+07	-1.27738e+07	-1.89515e+07	-9.74452e+06	-1.04091e+07	-5.54328e+06	-1.62849e+07	-3.03227e+06	-1.97902e+07	-6.62238e+06	-1.23033e+07	-9.57111e+06	-1.08066e+07	6.97675e+09	0.0244911
33	7.14438e+09	-6.41199e+06	-5.56121e+06	-7.15552e+06	-1.19574e+07	-8.24353e+06	-9.26775e+06	-2.07851e+07	-5.41506e+06	-7.85965e+06	-5.92535e+06	-1.45318e+07	-1.09041e+07	-1.61897e+07	-1.0377e+07	-1.04882e+07	6.9933e+09	0.0216026
34	7.14002e+09	-4.35513e+06	-1.20334e+07	-1.04667e+07	-1.35534e+07	-1.45708e+07	-7.52027e+06	-1.26976e+07	-5.63373e+06	-1.15558e+07	-2.81382e+06	-1.31141e+07	-4.05239e+06	-1.37236e+07	-1.33494e+07	-1.08028e+07	6.9933e+09	0.0209801
35	7.13826e+09	-5.00769e+06	-1.73527e+07	-1.08258e+07	-8.71455e+06	-1.02571e+07	-8.33359e+06	-1.52095e+07	-3.9795e+06	-9.78391e+06	-3.15296e+06	-1.45061e+07	-5.83563e+06	-1.26103e+07	-5.52362e+06	-7.62622e+06	6.99954e+09	0.0198183
36	7.13461e+09	-4.16425e+06	-1.14901e+07	-9.81866e+06	-2.0036e+07	-1.10065e+07	-5.97133e+06	-1.19079e+07	-4.46212e+06	-8.16528e+06	-3.44875e+06	-1.0969e+07	-4.0413e+06	-9.50433e+06	-1.37797e+07	-4.01979e+06	7.00182e+09	0.0189644
37	7.13202e+09	-1.25167e+07	-1.03455e+07	-8.56491e+06	-1.38204e+07	-1.09915e+07	-5.41599e+06	-4.80382e+06	-3.08424e+06	-7.45974e+06	-3.71202e+06	-1.35879e+07	-5.21739e+06	-1.04508e+07	-7.15298e+06	-5.24349e+06	7.00965e+09	0.017457
38	7.12637e+09	-5.1775e+06	-5.40877e+06	-9.68415e+06	-1.57598e+07	-1.04848e+07	-9.12058e+06	-1.13466e+07	-3.33978e+06	-9.55867e+06	-6.57495e+06	-1.04777e+07	-5.18056e+06	-1.38922e+07	-6.09395e+06	-8.96753e+06	7.00965e+09	0.0166514
39	7.12103e+09	-4.64897e+06	-5.20364e+06	-1.86468e+07	-1.13291e+07	-1.01824e+07	-6.89203e+06	-9.26532e+06	-2.2074e+06	-1.18153e+07	-1.33004e+07	-9.88505e+06	-5.91545e+06	-1.26256e+07	-6.09681e+06	-7.08976e+06	7.00965e+09	0.0158894
40	7.11903e+09	-4.54324e+06	-6.7492e+06	-1.11384e+07	-1.30175e+07	-6.54374e+06	-7.11367e+06	-1.00144e+07	-3.51875e+06	-1.13033e+07	-5.98515e+06	-1.08905e+07	-4.98032e+06	-1.17264e+07	-4.19265e+06	-5.17787e+06	7.00965e+09	0.0156041
41	7.11493e+09	-8.24683e+06	-9.43325e+06	-1.12923e+07	-1.02237e+07	-8.65672e+06	-7.06977e+06	-8.25809e+06	-5.67912e+06	-6.7438e+06	-3.17199e+06	-8.94277e+06	-3.73761e+06	-7.74272e+06	-3.78037e+06	-3.65365e+06	7.00965e+09	0.0150195
42	7.11033e+09	-6.23382e+06	-3.54194e+06	-1.16381e+07	-7.08377e+06	-3.32058e+06	-7.13313e+06	-4.15403e+06	-5.56645e+06	-7.1277e+06	-2.9971e+06	-1.08063e+07	-2.96981e+06	-9.63556e+06	-9.64533e+06	-7.33882e+06	7.01114e+09	0.0141478
43	7.10759e+09	-8.4054e+06	-5.73237e+06	-8.73892e+06	-8.61897e+06	-4.72841e+06	-1.16304e+07	-5.86071e+06	-3.71522e+06	-5.42334e+06	-3.05561e+06	-6.56938e+06	-3.24029e+06	-7.81163e+06	-6.87715e+06	-3.54656e+06	7.01363e+09	0.013396
44	7.10423e+09	-7.90783e+06	-6.51298e+06	-3.60688e+06	-6.27898e+06	-4.13044e+06	-1.10915e+07	-3.34926e+06	-5.07902e+06	-4.39935e+06	-3.08617e+06	-6.78235e+06	-5.87663e+06	-7.50184e+06	-5.8898e+06	-5.34939e+06	7.01739e+09	0.0123753
45	7.09536e+09	-9.62667e+06	-7.60368e+06	-3.79407e+06	-5.60274e+06	-2.22994e+06	-6.35213e+06	-2.48187e+06	-1.87023e+06	-4.38012e+06	-3.48812e+06	-6.47177e+06	-2.724e+06	-6.14346e+06	-4.36763e+06	-3.56863e+06	7.02466e+09	0.0100653
46	7.09161e+09	-5.03164e+06	-7.58363e+06	-2.96725e+06	-4.62482e+06	-2.0852e+06	-4.16752e+06	-1.7772e+06	-2.23694e+06	-4.42599e+06	-1.82127e+06	-6.87787e+06	-1.48642e+06	-3.66358e+06	-2.80013e+06	-3.42964e+06	7.03663e+09	0.00781327
