Itn	UB	0	1	2	3	4	5	6	7	8	9	10	11	12	13	14	15	16	17	18	19	20	21	22	23	24	25	26	27	28	29	30	LB	Gap
1	1.44387e+10	-8.08818e+09	-905783	-604593	-342809	-302718	-322501	-276775	-195604	-173182	-188127	-171649	-190850	-171992	-177003	-143983	-117441	-80313.6	-114475	-116149	-91820.9	-78686	-106665	-100158	-104300	-102428	-98154.8	-92713.8	-103647	-100045	-88633.1	-73492.6	6.3448e+09	1.27568
2	1.44386e+10	-5.00947e+08	-1.89069e+10	-1.88051e+10	-1.33132e+10	-1.29458e+10	-1.30312e+10	-1.30855e+10	-1.17944e+10	-1.18406e+10	-1.18013e+10	-1.19375e+10	-1.16945e+10	-1.19884e+10	-1.21075e+10	-1.22691e+10	-117441	-85369.8	-115525	-88211.9	-100106	-83616.1	-85036.3	-100639	-104338	-98868.6	-104577	-94397	-96574.3	-85332.4	-75196.8	-69218.1	6.3448e+09	1.27565
3	1.43096e+10	-1.37612e+08	-8.05499e+09	-1.10161e+10	-9.50565e+09	-8.61126e+09	-8.3351e+09	-7.25838e+09	-1.02161e+10	-1.77844e+10	-9.17724e+09	-7.18164e+09	-8.49622e+09	-6.73506e+09	-7.78352e+09	-5.83804e+09	-1.8575e+08	-1.8618e+08	-2.49129e+08	-2.46123e+08	-2.46787e+08	-2.43651e+08	-2.50209e+08	-2.40722e+08	-1.88762e+08	-1.87248e+08	-2.50582e+08	-2.42877e+08	-2.44e+08	-2.30049e+08	-2.40096e+08	-2.23852e+08	6.3448e+09	1.25533
4	1.12897e+10	-1.78097e+08	-2.93176e+08	-1.81474e+08	-8.32421e+07	-9.29934e+07	-1.10236e+08	-7.27659e+07	-1.70614e+08	-3.5666e+07	-3.93515e+07	-4.52229e+07	-1.14633e+08	-4.88145e+07	-8.09436e+07	-8.54087e+07	-1.62028e+08	-9.62772e+09	-9.95454e+09	-9.07009e+09	-1.76325e+10	-1.78603e+10	-1.78052e+10	-1.73147e+10	-1.89253e+10	-1.81325e+10	-2.12326e+10	-1.5984e+10	-1.79429e+10	-1.71772e+10	-1.69852e+10	-1.74315e+10	6.3448e+09	0.779369
5	1.06404e+10	-2.43838e+08	-8.46417e+07	-1.00664e+08	-1.00126e+08	-9.85787e+07	-5.65928e+07	-6.69613e+07	-2.19888e+08	-5.18885e+07	-1.19556e+08	-8.61833e+07	-1.67881e+08	-7.48317e+07	-2.63487e+07	-2.5142e+07	-2.46552e+09	-8.44998e+07	-1.05365e+08	-3.71765e+07	-1.12203e+08	-4.70844e+07	-4.84461e+07	-4.31003e+07	-3.60346e+08	-4.90574e+07	-4.61079e+07	-4.01802e+07	-9.13115e+07	-2.61825e+07	-1.96846e+07	-1.88559e+07	6.3448e+09	0.677034
6	1.04107e+10	-2.51173e+08	-1.44748e+08	-9.35294e+07	-1.41411e+08	-4.9864e+07	-1.44811e+08	-7.97293e+07	-1.08784e+08	-3.44794e+07	-1.40272e+08	-6.6677e+07	-1.16696e+08	-5.29988e+07	-6.73348e+07	-5.0245e+07	-1.27798e+08	-1.37106e+08	-1.00368e+08	-3.54985e+07	-1.08639e+08	-4.31697e+07	-5.5895e+07	-3.36916e+07	-1.83037e+08	-5.94567e+07	-4.38568e+07	-3.06749e+07	-6.4812e+07	-3.26929e+07	-4.93844e+07	-3.4159e+07	7.72769e+09	0.347192
7	1.01519e+10	-1.14977e+08	-8.67094e+07	-1.72662e+08	-7.59973e+07	-1.19558e+08	-5.91002e+07	-7.68382e+07	-9.76896e+07	-6.64319e+07	-7.7201e+07	-5.60112e+07	-6.91371e+07	-6.76551e+07	-5.68123e+07	-3.43151e+07	-1.04757e+08	-6.79126e+07	-7.67162e+07	-9.33056e+07	-7.84066e+07	-2.98565e+07	-6.17044e+07	-4.76539e+07	-1.27085e+08	-3.8576e+07	-5.33888e+07	-3.56905e+07	-5.87412e+07	-4.06931e+07	-3.29764e+07	-2.95567e+07	7.94378e+09	0.277968
8	9.87348e+09	-1.78763e+08	-1.07096e+08	-1.38494e+08	-7.83902e+07	-5.36592e+07	-7.51493e+07	-6.17829e+07	-8.92643e+07	-9.42502e+07	-5.60978e+07	-5.21876e+07	-6.18106e+07	-2.84695e+07	-4.7368e+07	-5.89114e+07	-1.16766e+08	-6.3786e+07	-7.08755e+07	-5.65336e+07	-5.52017e+07	-3.69781e+07	-4.87419e+07	-1.6083e+07	-1.06225e+08	-5.0169e+07	-5.91213e+07	-4.92807e+07	-5.33985e+07	-4.24999e+07	-2.57596e+07	-1.66607e+07	7.94378e+09	0.242918
9	9.74144e+09	-1.14953e+08	-6.90741e+07	-9.72565e+07	-4.22732e+07	-1.03635e+08	-7.51101e+07	-5.13965e+07	-7.33105e+07	-5.71533e+07	-6.3363e+07	-3.51266e+07	-6.0062e+07	-2.764e+07	-4.33267e+07	-8.89969e+07	-6.02022e+07	-5.12275e+07	-5.377e+07	-6.18276e+07	-4.9599e+07	-5.51306e+07	-5.16626e+07	-1.88592e+07	-1.02187e+08	-4.26803e+07	-5.17035e+07	-2.4791e+07	-4.23576e+07	-1.82655e+07	-4.31368e+07	-2.70229e+07	7.98434e+09	0.220068
10	9.60626e+09	-6.50731e+07	-3.27724e+07	-1.1663e+08	-4.94267e+07	-3.92187e+07	-5.41973e+07	-5.73795e+07	-7.92069e+07	-5.28625e+07	-5.02696e+07	-2.77646e+07	-3.75466e+07	-2.50071e+07	-3.1252e+07	-4.74751e+07	-8.36274e+07	-5.58548e+07	-5.80856e+07	-3.86416e+07	-4.45625e+07	-4.10877e+07	-5.05749e+07	-2.3601e+07	-5.6494e+07	-4.34817e+07	-3.22724e+07	-3.09831e+07	-4.40188e+07	-2.2738e+07	-2.15346e+07	-3.04625e+07	8.16215e+09	0.176927
11	9.50063e+09	-8.90547e+07	-3.87338e+07	-5.60206e+07	-4.28435e+07	-5.11834e+07	-5.07017e+07	-3.39743e+07	-5.98954e+07	-3.6111e+07	-4.15419e+07	-2.41987e+07	-2.9719e+07	-2.82041e+07	-4.0569e+07	-2.71246e+07	-5.72877e+07	-7.64792e+07	-3.90965e+07	-3.2442e+07	-4.58588e+07	-2.79661e+07	-3.62636e+07	-2.16613e+07	-4.7573e+07	-3.01071e+07	-3.23777e+07	-2.35591e+07	-3.92642e+07	-1.91885e+07	-2.22119e+07	-2.51301e+07	8.27429e+09	0.148211
12	9.44754e+09	-6.70455e+07	-5.93079e+07	-2.57589e+07	-4.52922e+07	-4.30285e+07	-4.00555e+07	-6.71123e+07	-5.98788e+07	-4.45019e+07	-3.9838e+07	-1.54164e+07	-3.32569e+07	-2.45021e+07	-2.60112e+07	-2.06839e+07	-4.79981e+07	-4.06411e+07	-3.41226e+07	-3.1401e+07	-3.4267e+07	-3.91876e+07	-3.77495e+07	-2.46146e+07	-4.69098e+07	-3.09534e+07	-2.76219e+07	-2.48513e+07	-2.87749e+07	-2.14341e+07	-2.28374e+07	-2.29319e+07	8.31955e+09	0.135583
13	9.39965e+09	-6.59868e+07	-7.63101e+07	-5.81833e+07	-7.6719e+07	-4.66142e+07	-2.62899e+07	-3.64554e+07	-4.23326e+07	-3.70845e+07	-4.31335e+07	-1.96643e+07	-4.11669e+07	-2.99545e+07	-2.737e+07	-2.88137e+07	-2.84845e+07	-2.93534e+07	-4.12045e+07	-2.83842e+07	-3.76606e+07	-3.308e+07	-3.52462e+07	-2.13597e+07	-4.1099e+07	-3.42121e+07	-2.77408e+07	-1.9432e+07	-2.3603e+07	-1.68056e+07	-2.07657e+07	-1.38669e+07	8.31955e+09	0.129827
14	9.36859e+09	-3.84408e+07	-1.83218e+07	-2.87234e+07	-6.6505e+07	-3.57172e+07	-2.53466e+07	-2.58548e+07	-4.11767e+07	-2.55703e+07	-3.22007e+07	-3.61191e+07	-3.28154e+07	-2.74725e+07	-2.32042e+07	-1.65702e+07	-2.35497e+07	-4.17843e+07	-2.612e+07	-2.70587e+07	-3.55331e+07	-3.11379e+07	-3.06265e+07	-2.08598e+07	-3.83716e+07	-4.01117e+07	-3.17353e+07	-1.36703e+07	-2.35539e+07	-1.59591e+07	-2.34707e+07	-1.9217e+07	8.45179e+09	0.108474
15	9.32337e+09	-2.54601e+07	-2.31327e+07	-1.99065e+07	-3.25792e+07	-3.30302e+07	-3.36558e+07	-2.62256e+07	-2.96081e+07	-3.84616e+07	-2.58041e+07	-1.09695e+07	-3.8937e+07	-1.94796e+07	-1.61986e+07	-2.97214e+07	-2.88907e+07	-3.30339e+07	-2.33357e+07	-2.50576e+07	-2.95248e+07	-2.77134e+07	-2.67983e+07	-1.45191e+07	-3.36264e+07	-2.21043e+07	-2.34075e+07	-1.13332e+07	-2.29805e+07	-1.37401e+07	-1.41997e+07	-1.3003e+07	8.55693e+09	0.0895693
16	9.30265e+09	-2.24321e+07	-2.10162e+07	-1.65234e+07	-2.07609e+07	-2.65721e+07	-2.99936e+07	-2.73919e+07	-3.00644e+07	-3.00955e+07	-2.49495e+07	-1.36624e+07	-2.45105e+07	-2.16736e+07	-2.22119e+07	-1.65521e+07	-2.34518e+07	-2.3894e+07	-2.38016e+07	-2.5327e+07	-3.09642e+07	-1.90064e+07	-2.3885e+07	-1.11653e+07	-2.78152e+07	-2.14253e+07	-1.8844e+07	-1.14164e+07	-2.0581e+07	-1.52622e+07	-1.21556e+07	-1.56086e+07	8.62963e+09	0.0779887
17	9.29003e+09	-2.68318e+07	-1.66942e+07	-9.09022e+06	-2.39408e+07	-2.37481e+07	-2.2157e+07	-1.89905e+07	-1.82019e+07	-2.98048e+07	-2.64606e+07	-8.88909e+06	-2.23116e+07	-1.51945e+07	-1.99477e+07	-1.65009e+07	-2.01702e+07	-2.64163e+07	-2.46029e+07	-2.38272e+07	-2.78122e+07	-1.96688e+07	-1.8098e+07	-1.47178e+07	-2.36445e+07	-2.25708e+07	-2.64844e+07	-1.2527e+07	-1.87173e+07	-1.38194e+07	-1.13099e+07	-1.26499e+07	8.67423e+09	0.0709919
18	9.27026e+09	-2.51053e+07	-1.76557e+07	-1.90675e+07	-2.53441e+07	-2.00858e+07	-3.07391e+07	-1.22624e+07	-1.92854e+07	-2.69257e+07	-2.78751e+07	-2.14145e+07	-2.86372e+07	-1.93077e+07	-1.83323e+07	-1.61296e+07	-9.69036e+06	-1.98772e+07	-1.6737e+07	-2.64301e+07	-3.20729e+07	-2.03653e+07	-1.90206e+07	-1.23278e+07	-2.1198e+07	-2.44398e+07	-1.77295e+07	-1.22322e+07	-1.75487e+07	-1.55708e+07	-1.1505e+07	-1.48413e+07	8.67423e+09	0.0687127
19	9.25201e+09	-2.69864e+07	-1.65344e+07	-2.15695e+07	-1.94909e+07	-1.92325e+07	-1.42619e+07	-1.64183e+07	-2.23238e+07	-2.33674e+07	-1.86366e+07	-1.1796e+07	-1.92872e+07	-1.77624e+07	-1.58084e+07	-1.97177e+07	-1.3668e+07	-2.48689e+07	-1.44326e+07	-1.85899e+07	-2.16387e+07	-1.87723e+07	-1.26522e+07	-1.3241e+07	-2.94134e+07	-2.47764e+07	-1.91573e+07	-1.23383e+07	-1.44471e+07	-1.31294e+07	-1.3646e+07	-1.44573e+07	8.68959e+09	0.0647237
20	9.23474e+09	-2.85566e+07	-2.22002e+07	-2.98076e+07	-1.78284e+07	-1.35353e+07	-1.25584e+07	-1.97869e+07	-1.87256e+07	-1.52851e+07	-1.60385e+07	-1.07611e+07	-2.32796e+07	-1.54275e+07	-1.21357e+07	-2.15487e+07	-9.30343e+06	-2.47452e+07	-2.04387e+07	-2.01239e+07	-1.8362e+07	-1.94439e+07	-1.22169e+07	-1.06715e+07	-2.41256e+07	-1.66606e+07	-2.04945e+07	-1.33372e+07	-1.72416e+07	-1.4505e+07	-1.33873e+07	-1.09588e+07	8.69125e+09	0.0625331
21	9.22141e+09	-7.65093e+06	-2.35147e+07	-1.65925e+07	-2.47234e+07	-1.78744e+07	-1.43988e+07	-1.27121e+07	-2.18724e+07	-1.92929e+07	-1.56685e+07	-9.60479e+06	-2.72218e+07	-1.4456e+07	-2.46888e+07	-1.53737e+07	-1.1089e+07	-1.75981e+07	-1.85461e+07	-1.33673e+07	-2.48809e+07	-2.0476e+07	-1.74723e+07	-1.05976e+07	-2.809e+07	-1.71794e+07	-2.11961e+07	-1.07286e+07	-1.45774e+07	-1.4869e+07	-1.39035e+07	-1.22411e+07	8.69125e+09	0.0609994
22	9.20676e+09	-3.2321e+07	-1.74207e+07	-2.03168e+07	-1.77042e+07	-1.87275e+07	-1.4167e+07	-1.33306e+07	-2.05943e+07	-1.17099e+07	-2.39763e+07	-1.27217e+07	-2.91399e+07	-9.31993e+06	-1.72471e+07	-1.81093e+07	-1.60668e+07	-2.03333e+07	-1.30468e+07	-1.33393e+07	-2.98416e+07	-1.6447e+07	-1.52825e+07	-1.41402e+07	-2.22844e+07	-1.99202e+07	-1.47355e+07	-1.18301e+07	-1.33908e+07	-1.13707e+07	-1.25365e+07	-1.25068e+07	8.69125e+09	0.059314
23	9.20069e+09	-2.17074e+07	-8.59232e+06	-1.35515e+07	-1.48006e+07	-1.20029e+07	-9.72529e+06	-1.39934e+07	-1.55063e+07	-2.18764e+07	-1.78417e+07	-1.20546e+07	-2.97932e+07	-1.19915e+07	-1.32651e+07	-1.33448e+07	-9.07068e+06	-1.93487e+07	-1.37705e+07	-1.84272e+07	-2.24835e+07	-1.374e+07	-1.52411e+07	-1.10855e+07	-1.72837e+07	-1.51198e+07	-1.47271e+07	-1.08318e+07	-1.1715e+07	-1.33373e+07	-1.40996e+07	-1.17263e+07	8.73863e+09	0.0528749
24	9.19364e+09	-8.032e+06	-8.28138e+06	-1.49181e+07	-1.31509e+07	-1.73274e+07	-1.15662e+07	-1.1321e+07	-1.93445e+07	-2.40714e+07	-1.58688e+07	-8.78442e+06	-3.19792e+07	-9.18646e+06	-1.38519e+07	-1.83345e+07	-6.98129e+06	-1.32102e+07	-1.0788e+07	-1.02507e+07	-2.0966e+07	-1.11183e+07	-1.58603e+07	-1.48007e+07	-1.716e+07	-1.37695e+07	-1.27185e+07	-1.4409e+07	-1.27845e+07	-1.11015e+07	-1.13326e+07	-8.94466e+06	8.76143e+09	0.0493314
25	9.18503e+09	-1.15626e+07	-1.13292e+07	-1.36549e+07	-1.12972e+07	-1.6054e+07	-1.20144e+07	-1.5698e+07	-1.67509e+07	-1.21155e+07	-2.19818e+07	-7.52273e+06	-2.63246e+07	-1.26452e+07	-9.05748e+06	-1.5242e+07	-8.68352e+06	-1.40456e+07	-7.69329e+06	-1.96119e+07	-2.11713e+07	-1.32888e+07	-1.25783e+07	-9.67181e+06	-1.40013e+07	-1.69198e+07	-1.2263e+07	-1.2457e+07	-1.03872e+07	-1.19755e+07	-1.09992e+07	-1.28259e+07	8.76321e+09	0.0481358
26	9.17337e+09	-1.32201e+07	-9.04846e+06	-1.90227e+07	-1.32119e+07	-1.46985e+07	-1.1591e+07	-1.54759e+07	-1.19735e+07	-1.88106e+07	-1.35179e+07	-1.17402e+07	-2.09655e+07	-1.19775e+07	-9.95721e+06	-1.43563e+07	-5.34856e+06	-1.46457e+07	-8.31563e+06	-1.2724e+07	-2.1618e+07	-1.14821e+07	-1.109e+07	-7.20598e+06	-1.12432e+07	-1.68607e+07	-9.1544e+06	-8.42152e+06	-1.29743e+07	-1.45838e+07	-1.08246e+07	-1.3167e+07	8.77414e+09	0.0455004
27	9.16219e+09	-8.16053e+06	-9.97636e+06	-1.41322e+07	-1.13079e+07	-1.54525e+07	-1.66348e+07	-1.28833e+07	-1.37589e+07	-1.35013e+07	-1.33814e+07	-9.12607e+06	-2.1905e+07	-1.16974e+07	-1.15304e+07	-8.26664e+06	-7.80869e+06	-1.16209e+07	-7.88739e+06	-1.23586e+07	-1.27842e+07	-1.02107e+07	-1.13873e+07	-6.2377e+06	-1.42699e+07	-1.80904e+07	-1.45769e+07	-7.39931e+06	-1.28119e+07	-1.42979e+07	-1.51826e+07	-1.06792e+07	8.78287e+09	0.0431884
28	9.15291e+09	-1.20876e+07	-9.13952e+06	-1.65382e+07	-6.2905e+06	-1.81091e+07	-1.23063e+07	-9.93892e+06	-8.77963e+06	-1.22199e+07	-9.11558e+06	-6.95433e+06	-2.15913e+07	-1.22593e+07	-9.10605e+06	-1.69298e+07	-6.16543e+06	-6.80187e+06	-6.98708e+06	-1.22474e+07	-1.4419e+07	-8.86622e+06	-8.17302e+06	-7.90879e+06	-1.31163e+07	-1.51198e+07	-1.19158e+07	-6.03955e+06	-1.34644e+07	-1.19643e+07	-9.80165e+06	-8.44569e+06	8.81011e+09	0.0389101
29	9.14591e+09	-1.53115e+07	-7.71852e+06	-1.88374e+07	-5.59948e+06	-1.1522e+07	-1.26134e+07	-1.15258e+07	-6.38387e+06	-1.07793e+07	-1.32995e+07	-8.29415e+06	-1.42539e+07	-1.26693e+07	-8.42572e+06	-1.4338e+07	-4.5679e+06	-6.70698e+06	-4.84609e+06	-1.0843e+07	-1.13444e+07	-9.22094e+06	-1.04792e+07	-9.87454e+06	-1.24644e+07	-1.33913e+07	-1.19179e+07	-7.40886e+06	-1.62521e+07	-1.31479e+07	-6.74315e+06	-1.01267e+07	8.815e+09	0.0375391
30	9.13784e+09	-1.11074e+07	-1.15764e+07	-9.80103e+06	-5.06255e+06	-1.733e+07	-1.34968e+07	-6.07142e+06	-8.36021e+06	-1.23145e+07	-9.66201e+06	-1.0472e+07	-1.66544e+07	-1.16459e+07	-1.12852e+07	-1.20375e+07	-4.76119e+06	-5.37302e+06	-7.08674e+06	-7.34552e+06	-9.42078e+06	-1.17702e+07	-1.15342e+07	-6.53448e+06	-9.88614e+06	-1.30043e+07	-1.22649e+07	-6.13976e+06	-1.32875e+07	-1.02828e+07	-8.09844e+06	-8.44255e+06	8.82573e+09	0.0353636
31	9.13128e+09	-1.31953e+07	-1.59194e+07	-7.06531e+06	-3.24018e+06	-9.73483e+06	-1.05848e+07	-1.50443e+07	-7.26303e+06	-8.591e+06	-6.61891e+06	-9.57907e+06	-2.01806e+07	-1.03727e+07	-5.92265e+06	-1.04982e+07	-5.07277e+06	-8.59263e+06	-7.79442e+06	-1.36547e+07	-9.32062e+06	-9.28086e+06	-1.43074e+07	-8.29565e+06	-9.26866e+06	-1.43009e+07	-1.21006e+07	-5.27926e+06	-1.20481e+07	-1.07975e+07	-1.27295e+07	-8.58784e+06	8.82573e+09	0.0346207
32	9.12289e+09	-1.35689e+07	-1.20474e+07	-8.78219e+06	-4.49327e+06	-9.27686e+06	-1.23997e+07	-9.75448e+06	-7.96132e+06	-1.11397e+07	-1.19399e+07	-6.94335e+06	-1.17049e+07	-1.24493e+07	-8.2558e+06	-8.18303e+06	-7.40747e+06	-6.82321e+06	-7.15867e+06	-9.74571e+06	-9.1454e+06	-7.77846e+06	-8.34515e+06	-7.19084e+06	-9.31059e+06	-1.98242e+07	-7.08415e+06	-6.56623e+06	-1.01226e+07	-8.14745e+06	-7.55139e+06	-8.0697e+06	8.83372e+09	0.0327349
33	9.11481e+09	-8.90515e+06	-8.30173e+06	-1.25379e+07	-5.62654e+06	-9.74263e+06	-9.49871e+06	-8.62504e+06	-9.49248e+06	-1.42103e+07	-1.21389e+07	-7.08777e+06	-1.38752e+07	-1.44275e+07	-8.11133e+06	-9.92741e+06	-5.51851e+06	-5.91157e+06	-4.17706e+06	-7.82599e+06	-8.4521e+06	-8.29029e+06	-7.64259e+06	-6.72947e+06	-1.07591e+07	-1.04048e+07	-8.82033e+06	-8.32534e+06	-8.93517e+06	-1.10666e+07	-8.1828e+06	-8.24629e+06	8.83372e+09	0.0318203
34	9.10488e+09	-7.15019e+06	-6.64638e+06	-1.21205e+07	-4.08371e+06	-1.12784e+07	-1.29036e+07	-8.86896e+06	-6.86155e+06	-1.51224e+07	-1.48075e+07	-7.90812e+06	-1.39025e+07	-1.33206e+07	-8.29855e+06	-1.07134e+07	-4.94582e+06	-3.60986e+06	-6.39304e+06	-7.83846e+06	-5.9441e+06	-8.41971e+06	-7.51802e+06	-8.7609e+06	-1.07702e+07	-1.15481e+07	-4.67235e+06	-5.75374e+06	-1.16608e+07	-1.38922e+07	-6.72929e+06	-7.95754e+06	8.83372e+09	0.0306967
35	9.0969e+09	-1.24899e+07	-7.83659e+06	-1.26899e+07	-5.98896e+06	-9.95992e+06	-1.59746e+07	-6.78732e+06	-6.03418e+06	-9.85181e+06	-1.54172e+07	-1.16465e+07	-1.15663e+07	-1.24216e+07	-1.02341e+07	-1.04474e+07	-3.75334e+06	-3.44472e+06	-5.68157e+06	-8.50247e+06	-1.03978e+07	-1.12273e+07	-5.1837e+06	-5.64087e+06	-9.24873e+06	-1.12977e+07	-5.22025e+06	-5.33737e+06	-1.09484e+07	-7.85646e+06	-6.59204e+06	-6.74112e+06	8.83372e+09	0.0297925
36	9.09281e+09	-4.91247e+06	-6.08632e+06	-9.8479e+06	-4.10425e+06	-8.66311e+06	-1.3533e+07	-7.6209e+06	-5.25501e+06	-9.65617e+06	-1.73241e+07	-7.46473e+06	-1.05621e+07	-9.32259e+06	-6.8185e+06	-8.4018e+06	-2.807e+06	-6.48233e+06	-4.69339e+06	-5.43626e+06	-9.139e+06	-8.77927e+06	-6.3053e+06	-8.90435e+06	-9.69153e+06	-1.29939e+07	-3.92607e+06	-5.56977e+06	-1.32539e+07	-6.29533e+06	-5.74451e+06	-6.25945e+06	8.84695e+09	0.0277897
37	9.08879e+09	-5.44364e+06	-6.51208e+06	-1.31707e+07	-5.3277e+06	-7.84227e+06	-9.04033e+06	-9.59576e+06	-3.77903e+06	-8.62264e+06	-1.39729e+07	-8.33104e+06	-1.01633e+07	-9.98817e+06	-7.03601e+06	-1.10909e+07	-4.40817e+06	-3.90862e+06	-4.25562e+06	-4.2112e+06	-4.82645e+06	-7.42056e+06	-6.06019e+06	-6.61286e+06	-6.36646e+06	-1.05088e+07	-3.84673e+06	-6.85024e+06	-7.0224e+06	-5.84263e+06	-5.9158e+06	-6.38909e+06	8.86442e+09	0.0253104
38	9.08492e+09	-7.4128e+06	-3.66696e+06	-1.27277e+07	-3.15117e+06	-8.58203e+06	-7.43146e+06	-9.46834e+06	-4.05193e+06	-7.14577e+06	-9.81097e+06	-5.71139e+06	-1.48462e+07	-1.21277e+07	-5.38422e+06	-9.87696e+06	-2.61923e+06	-4.21136e+06	-3.88794e+06	-6.96088e+06	-5.46356e+06	-7.98923e+06	-4.73035e+06	-7.93099e+06	-7.20501e+06	-8.44902e+06	-3.08323e+06	-4.99294e+06	-9.21018e+06	-6.4894e+06	-5.21455e+06	-4.46919e+06	8.87061e+09	0.0241587
39	9.08126e+09	-1.17503e+07	-5.96298e+06	-1.14874e+07	-4.30929e+06	-9.21433e+06	-8.40961e+06	-6.24813e+06	-3.32034e+06	-8.45494e+06	-1.04848e+07	-6.59793e+06	-9.76457e+06	-1.04731e+07	-4.42944e+06	-1.05402e+07	-2.77488e+06	-2.95679e+06	-2.91553e+06	-5.34086e+06	-4.79238e+06	-7.82708e+06	-6.5045e+06	-5.84413e+06	-7.94693e+06	-8.93382e+06	-2.73722e+06	-4.97701e+06	-7.41578e+06	-5.82994e+06	-7.40872e+06	-5.54312e+06	8.87061e+09	0.023746
40	9.0766e+09	-1.06067e+07	-6.94517e+06	-9.56185e+06	-3.45984e+06	-9.93813e+06	-6.32203e+06	-5.36297e+06	-3.58342e+06	-8.41199e+06	-1.04732e+07	-6.23711e+06	-1.26841e+07	-1.07781e+07	-5.06088e+06	-1.16798e+07	-2.64274e+06	-3.01801e+06	-3.62596e+06	-6.03081e+06	-3.90241e+06	-7.30828e+06	-3.45545e+06	-5.93959e+06	-6.22909e+06	-9.90008e+06	-2.35438e+06	-4.86594e+06	-5.94369e+06	-7.98702e+06	-5.07252e+06	-6.26222e+06	8.87095e+09	0.0231817
41	9.0709e+09	-1.11963e+07	-3.24773e+06	-1.27134e+07	-3.49106e+06	-6.92745e+06	-5.88992e+06	-9.03372e+06	-2.70291e+06	-5.67101e+06	-9.00016e+06	-6.92522e+06	-1.16769e+07	-1.05916e+07	-5.15931e+06	-7.32823e+06	-3.18273e+06	-2.98003e+06	-4.41508e+06	-5.16312e+06	-3.80222e+06	-8.44707e+06	-3.32979e+06	-7.44207e+06	-5.17211e+06	-7.81451e+06	-1.767e+06	-6.738e+06	-5.88665e+06	-7.77632e+06	-8.59159e+06	-7.61142e+06	8.87095e+09	0.0225391
42	9.05989e+09	-1.98281e+07	-5.27799e+06	-1.32944e+07	-5.32933e+06	-5.14743e+06	-8.09946e+06	-1.30725e+07	-2.48105e+06	-5.79332e+06	-8.63414e+06	-6.27451e+06	-1.3334e+07	-1.08419e+07	-7.27503e+06	-7.6384e+06	-2.61441e+06	-1.72541e+06	-2.26421e+06	-5.30207e+06	-2.10342e+06	-5.67754e+06	-2.87253e+06	-3.66173e+06	-4.61637e+06	-9.57083e+06	-1.87969e+06	-5.29891e+06	-5.16827e+06	-5.39289e+06	-6.02495e+06	-3.82232e+06	8.87095e+09	0.0212987
43	9.05502e+09	-1.35425e+07	-4.4723e+06	-6.61442e+06	-3.32893e+06	-4.77298e+06	-7.23492e+06	-1.02532e+07	-3.03289e+06	-4.40845e+06	-1.07102e+07	-6.21583e+06	-1.38329e+07	-1.36547e+07	-9.36814e+06	-7.65871e+06	-2.95861e+06	-1.7836e+06	-2.52749e+06	-4.1034e+06	-1.58968e+06	-6.00488e+06	-2.96663e+06	-2.99964e+06	-4.53317e+06	-8.10398e+06	-3.0302e+06	-4.67519e+06	-6.48499e+06	-4.27325e+06	-6.40569e+06	-5.68161e+06	8.87095e+09	0.0207499
44	9.04805e+09	-5.54838e+06	-7.05712e+06	-7.23753e+06	-3.85624e+06	-5.30042e+06	-5.23552e+06	-1.07041e+07	-2.97924e+06	-5.14143e+06	-7.11957e+06	-7.43227e+06	-1.19421e+07	-1.01835e+07	-8.18639e+06	-9.25334e+06	-1.97823e+06	-2.49058e+06	-2.19648e+06	-4.55818e+06	-2.06421e+06	-5.81723e+06	-3.5543e+06	-2.34881e+06	-4.11632e+06	-7.45993e+06	-3.46408e+06	-4.3456e+06	-4.83175e+06	-3.48286e+06	-4.61257e+06	-4.98891e+06	8.87857e+09	0.0190895
45	9.04373e+09	-8.19535e+06	-3.80732e+06	-7.69696e+06	-3.54595e+06	-4.79839e+06	-5.11812e+06	-8.7503e+06	-3.15937e+06	-4.87815e+06	-5.55952e+06	-6.39464e+06	-1.20683e+07	-1.04739e+07	-7.2218e+06	-6.15064e+06	-1.85269e+06	-2.24722e+06	-2.48724e+06	-2.32797e+06	-2.56874e+06	-4.86366e+06	-2.62308e+06	-1.81154e+06	-4.25178e+06	-7.85657e+06	-2.11928e+06	-5.15931e+06	-3.88084e+06	-4.58207e+06	-4.374e+06	-6.69959e+06	8.8862e+09	0.0177268
46	9.0384e+09	-5.30282e+06	-4.92272e+06	-7.39592e+06	-2.40599e+06	-2.33317e+06	-4.5282e+06	-8.73156e+06	-2.75344e+06	-5.37106e+06	-5.16624e+06	-5.2342e+06	-1.09635e+07	-9.91527e+06	-8.83916e+06	-5.73134e+06	-1.9179e+06	-2.22181e+06	-2.13736e+06	-2.85708e+06	-2.95934e+06	-5.30742e+06	-2.19915e+06	-2.92972e+06	-4.69654e+06	-8.72675e+06	-1.76785e+06	-4.36301e+06	-5.21293e+06	-4.18039e+06	-4.90594e+06	-4.53897e+06	8.88788e+09	0.0169351
47	9.03212e+09	-5.15304e+06	-6.55158e+06	-1.27502e+07	-2.80223e+06	-2.43621e+06	-5.4073e+06	-5.50442e+06	-2.62022e+06	-4.46277e+06	-2.9722e+06	-6.69996e+06	-1.15366e+07	-8.95185e+06	-7.15132e+06	-6.03597e+06	-1.86671e+06	-1.86636e+06	-2.89165e+06	-1.85679e+06	-2.81484e+06	-2.24103e+06	-2.19497e+06	-1.97849e+06	-3.07355e+06	-7.37973e+06	-2.39883e+06	-5.08339e+06	-4.45137e+06	-5.56822e+06	-3.85257e+06	-5.72098e+06	8.88788e+09	0.0162294
48	9.02767e+09	-4.7091e+06	-4.94375e+06	-1.3363e+07	-2.93369e+06	-2.28868e+06	-3.88926e+06	-7.94779e+06	-2.19473e+06	-3.07135e+06	-2.55139e+06	-5.36268e+06	-1.22429e+07	-9.39711e+06	-8.89916e+06	-6.10203e+06	-2.12589e+06	-1.17535e+06	-1.28165e+06	-3.18964e+06	-1.97171e+06	-1.52447e+06	-1.88437e+06	-1.13555e+06	-3.51159e+06	-8.33628e+06	-3.22024e+06	-5.71977e+06	-3.54872e+06	-3.88314e+06	-5.42858e+06	-4.68966e+06	8.88788e+09	0.0157285
49	9.02102e+09	-4.71342e+06	-1.76084e+06	-8.44041e+06	-2.70739e+06	-2.26614e+06	-6.34214e+06	-5.44947e+06	-2.23126e+06	-2.7217e+06	-2.70517e+06	-3.48194e+06	-8.45998e+06	-7.92002e+06	-8.62235e+06	-5.64611e+06	-2.18889e+06	-1.07828e+06	-1.41438e+06	-2.67461e+06	-1.6888e+06	-2.13378e+06	-1.37528e+06	-869362	-4.86933e+06	-8.00133e+06	-3.08704e+06	-5.50083e+06	-3.23627e+06	-2.92699e+06	-4.882e+06	-5.67085e+06	8.89596e+09	0.0140588
50	9.01896e+09	-8.4991e+06	-4.552e+06	-1.02355e+07	-2.92793e+06	-2.22177e+06	-5.74848e+06	-6.60044e+06	-2.08939e+06	-2.13171e+06	-2.0509e+06	-2.42443e+06	-8.64837e+06	-7.33578e+06	-9.00368e+06	-5.4097e+06	-2.10498e+06	-445787	-1.47633e+06	-2.75452e+06	-1.53682e+06	-1.5767e+06	-2.18219e+06	-1.5396e+06	-5.83393e+06	-8.74569e+06	-2.73284e+06	-4.59887e+06	-3.36374e+06	-3.79827e+06	-4.3775e+06	-5.66445e+06	8.89596e+09	0.0138267
51	9.01592e+09	-8.39694e+06	-4.01926e+06	-7.1101e+06	-2.61233e+06	-1.83923e+06	-6.43181e+06	-4.50996e+06	-2.04287e+06	-2.10768e+06	-1.44299e+06	-2.02235e+06	-7.54505e+06	-7.51149e+06	-7.36005e+06	-5.07969e+06	-2.09402e+06	-1.05386e+06	-1.79849e+06	-1.76393e+06	-1.51085e+06	-1.51776e+06	-1.12264e+06	-1.18808e+06	-6.28192e+06	-5.87992e+06	-2.9833e+06	-5.54245e+06	-3.86571e+06	-3.20443e+06	-4.22853e+06	-6.3937e+06	8.89596e+09	0.0134854
52	9.01454e+09	-7.50659e+06	-3.27525e+06	-5.86167e+06	-2.72769e+06	-2.31346e+06	-4.61657e+06	-5.06923e+06	-1.90838e+06	-2.38838e+06	-1.52264e+06	-1.52902e+06	-9.0517e+06	-8.25692e+06	-8.3532e+06	-5.21385e+06	-3.09962e+06	-746683	-1.14484e+06	-1.83889e+06	-1.5779e+06	-1.14164e+06	-943624	-654413	-4.21613e+06	-7.09437e+06	-3.29867e+06	-4.91162e+06	-4.10443e+06	-3.48092e+06	-5.29317e+06	-7.26312e+06	8.89596e+09	0.0133295
53	9.01311e+09	-8.39002e+06	-4.80116e+06	-8.1803e+06	-2.52454e+06	-1.85455e+06	-5.37616e+06	-5.57635e+06	-1.23033e+06	-1.67775e+06	-1.5525e+06	-1.39567e+06	-6.4887e+06	-6.48892e+06	-5.44427e+06	-6.98973e+06	-2.44866e+06	-1.13471e+06	-1.08875e+06	-1.29453e+06	-916923	-872854	-809552	-826372	-3.89909e+06	-5.98662e+06	-2.23371e+06	-4.6887e+06	-3.1569e+06	-3.37464e+06	-4.82337e+06	-2.67159e+06	8.90492e+09	0.0121504
54	9.01105e+09	-8.3426e+06	-4.71883e+06	-1.169e+07	-2.31275e+06	-2.04594e+06	-4.29551e+06	-5.00502e+06	-1.19417e+06	-1.5786e+06	-1.45565e+06	-1.18504e+06	-7.00124e+06	-6.79699e+06	-6.18888e+06	-5.54254e+06	-2.00887e+06	-1.08491e+06	-1.30094e+06	-811060	-1.20868e+06	-689983	-956128	-697270	-3.18143e+06	-5.40512e+06	-2.10787e+06	-5.0508e+06	-2.95316e+06	-2.60812e+06	-4.55096e+06	-3.20857e+06	8.90492e+09	0.011919
55	9.00881e+09	-4.96811e+06	-4.16219e+06	-9.56116e+06	-2.29113e+06	-2.01474e+06	-5.23665e+06	-5.87606e+06	-1.48311e+06	-1.32563e+06	-1.34882e+06	-1.20556e+06	-5.69455e+06	-6.24163e+06	-6.23711e+06	-8.2764e+06	-1.83724e+06	-1.1384e+06	-1.09295e+06	-808540	-1.20068e+06	-518303	-644511	-678811	-3.29893e+06	-6.17037e+06	-2.64976e+06	-4.64838e+06	-3.32737e+06	-2.17984e+06	-3.4677e+06	-3.0295e+06	8.90619e+09	0.0115217
56	9.00572e+09	-4.8432e+06	-4.09172e+06	-1.62141e+07	-2.21756e+06	-2.19141e+06	-4.9617e+06	-4.33659e+06	-1.59577e+06	-1.20699e+06	-1.40263e+06	-1.18904e+06	-6.73536e+06	-5.82344e+06	-5.79386e+06	-5.1554e+06	-1.60777e+06	-1.15775e+06	-951696	-996692	-1.17359e+06	-953044	-929528	-532787	-2.92203e+06	-4.24868e+06	-4.15673e+06	-4.28282e+06	-2.61909e+06	-5.01125e+06	-3.64642e+06	-3.28873e+06	8.90619e+09	0.0111749
57	9.00419e+09	-4.24136e+06	-4.6492e+06	-1.64858e+07	-2.28454e+06	-1.99029e+06	-4.75785e+06	-4.82376e+06	-1.68839e+06	-1.1247e+06	-1.21294e+06	-1.1746e+06	-4.7486e+06	-4.928e+06	-6.19973e+06	-5.2744e+06	-1.98587e+06	-1.13363e+06	-842593	-751037	-1.16976e+06	-896554	-929755	-460480	-2.5598e+06	-3.677e+06	-1.40088e+06	-4.8021e+06	-2.96895e+06	-3.34649e+06	-3.05793e+06	-2.76427e+06	8.90619e+09	0.0110031
58	9.00092e+09	-4.28419e+06	-4.67095e+06	-1.70929e+07	-2.21062e+06	-1.92198e+06	-2.76199e+06	-5.27327e+06	-1.73194e+06	-1.19711e+06	-1.20336e+06	-1.16649e+06	-5.20615e+06	-3.82129e+06	-7.51216e+06	-3.87846e+06	-1.96836e+06	-1.14753e+06	-1.03189e+06	-714316	-1.22422e+06	-776212	-745028	-387582	-2.94645e+06	-2.82051e+06	-1.00611e+06	-3.49734e+06	-2.73417e+06	-2.66175e+06	-3.19734e+06	-3.65596e+06	8.90647e+09	0.0106044
59	9.00027e+09	-4.25081e+06	-4.65611e+06	-1.4734e+07	-2.13952e+06	-1.9147e+06	-2.79143e+06	-4.58175e+06	-1.51532e+06	-1.1673e+06	-1.21545e+06	-1.01804e+06	-5.06764e+06	-4.73648e+06	-5.88323e+06	-3.9468e+06	-2.08857e+06	-1.13359e+06	-1.13766e+06	-713607	-1.29149e+06	-758690	-593687	-424355	-2.49587e+06	-2.83626e+06	-965965	-3.14665e+06	-3.55369e+06	-4.64367e+06	-3.00006e+06	-3.0912e+06	8.90878e+09	0.0102701
60	8.99871e+09	-4.26706e+06	-4.69393e+06	-1.32163e+07	-2.18237e+06	-1.65203e+06	-2.82383e+06	-4.47767e+06	-1.49358e+06	-1.20067e+06	-1.1792e+06	-839162	-5.34482e+06	-3.87039e+06	-6.94677e+06	-6.30513e+06	-1.97333e+06	-1.10886e+06	-2.91821e+06	-710379	-1.35956e+06	-697303	-516984	-427943	-3.07435e+06	-3.06893e+06	-1.02308e+06	-3.43941e+06	-2.66546e+06	-3.44859e+06	-3.34735e+06	-2.39052e+06	8.90878e+09	0.0100955
61	8.99731e+09	-8.37421e+06	-5.43551e+06	-1.13303e+07	-2.14589e+06	-1.84144e+06	-4.35102e+06	-4.84688e+06	-1.54511e+06	-1.19553e+06	-1.10995e+06	-942107	-4.84826e+06	-3.40688e+06	-5.8134e+06	-4.58962e+06	-1.59554e+06	-1.11052e+06	-838118	-703471	-1.22275e+06	-705809	-490593	-420368	-2.90061e+06	-1.59992e+06	-1.04767e+06	-2.49792e+06	-2.6977e+06	-2.94975e+06	-2.54001e+06	-3.04287e+06	8.90917e+09	0.00989314
