Table 2 - Weekly Peak Load in Percent of Annual Peak

Week Peak Load

1     86.2
2     90.0
3     87.8
4     83.4
5     88.0
6     84.1
7     83.2
8     80.6
9     74.0
10    73.7
11    71.5
12    72.7
13    70.4
14    75.0
15    72.1
16    80.0
17    75.4
18    83.7
19    87.0
20    88.0
21    85.6
22    81.1
23    90.0
24    88.7
25    89.6
26    86.1
27    75.5
28    81.6
29    80.1
30    88.0
31    72.2
32    77.6
33    80.0
34    72.9
35    72.6
36    70.5
37    78.0
38    69.5
39    72.4
40    72.4
41    74.3
42    74.4
43    80.0
44    88.1
45    88.5
46    90.9
47    94.0
48    89.0
49    94.2
50    97.0
51   100.0
52    95.2